(
    (0.000000   (0.000080 0.000000 0.000080))
    (0.000875   (0.000080 0.000000 0.000920))
    (0.001625   (0.000190 0.000000 0.000920))
    (0.002500   (0.000190 0.000000 0.000080))
    (0.003250   (0.000300 0.000000 0.000080))
    (0.004125   (0.000300 0.000000 0.000920))
    (0.004875   (0.000410 0.000000 0.000920))
    (0.005750   (0.000410 0.000000 0.000080))
    (0.006500   (0.000520 0.000000 0.000080))
    (0.007375   (0.000520 0.000000 0.000920))
    (0.008125   (0.000630 0.000000 0.000920))
    (0.009000   (0.000630 0.000000 0.000080))
    (0.009750   (0.000740 0.000000 0.000080))
    (0.010625   (0.000740 0.000000 0.000920))
    (0.011375   (0.000850 0.000000 0.000920))
    (0.012250   (0.000850 0.000000 0.000080))
    (0.013000   (0.000960 0.000000 0.000080))
    (0.013875   (0.000960 0.000000 0.000920))
    (0.014625   (0.001070 0.000000 0.000920))
    (0.015500   (0.001070 0.000000 0.000080))
    (0.016250   (0.001180 0.000000 0.000080))
    (0.017125   (0.001180 0.000000 0.000920))
    (0.017875   (0.001290 0.000000 0.000920))
    (0.018750   (0.001290 0.000000 0.000080))
    (0.019500   (0.001400 0.000000 0.000080))
    (0.020375   (0.001400 0.000000 0.000920))
    (0.021125   (0.001510 0.000000 0.000920))
    (0.022000   (0.001510 0.000000 0.000080))
    (0.022750   (0.001620 0.000000 0.000080))
    (0.023625   (0.001620 0.000000 0.000920))
    (0.024375   (0.001730 0.000000 0.000920))
    (0.025250   (0.001730 0.000000 0.000080))
    (0.026000   (0.001840 0.000000 0.000080))
    (0.026875   (0.001840 0.000000 0.000920))
    (0.027625   (0.001950 0.000000 0.000920))
    (0.028500   (0.001950 0.000000 0.000080))
    (0.029250   (0.002060 0.000000 0.000080))
    (0.030125   (0.002060 0.000000 0.000920))
    (0.030875   (0.002170 0.000000 0.000920))
    (0.031750   (0.002170 0.000000 0.000080))
    (0.032500   (0.002280 0.000000 0.000080))
    (0.033375   (0.002280 0.000000 0.000920))
    (0.034125   (0.002390 0.000000 0.000920))
    (0.035000   (0.002390 0.000000 0.000080))
    (0.035750   (0.002500 0.000000 0.000080))
    (0.036625   (0.002500 0.000000 0.000920))
    (0.037375   (0.002610 0.000000 0.000920))
    (0.038250   (0.002610 0.000000 0.000080))
    (0.039000   (0.002720 0.000000 0.000080))
    (0.039875   (0.002720 0.000000 0.000920))
    (0.040625   (0.002830 0.000000 0.000920))
    (0.041500   (0.002830 0.000000 0.000080))
    (0.042250   (0.002940 0.000000 0.000080))
    (0.043125   (0.002940 0.000000 0.000920))
    (0.043875   (0.003050 0.000000 0.000920))
    (0.044750   (0.003050 0.000000 0.000080))
    (0.045500   (0.003160 0.000000 0.000080))
    (0.046375   (0.003160 0.000000 0.000920))
    (0.047125   (0.003270 0.000000 0.000920))
    (0.048000   (0.003270 0.000000 0.000080))
    (0.048750   (0.003380 0.000000 0.000080))
    (0.049625   (0.003380 0.000000 0.000920))
    (0.050375   (0.003490 0.000000 0.000920))
    (0.051250   (0.003490 0.000000 0.000080))
    (0.052000   (0.003600 0.000000 0.000080))
    (0.052875   (0.003600 0.000000 0.000920))
    (0.053625   (0.003710 0.000000 0.000920))
    (0.054500   (0.003710 0.000000 0.000080))
    (0.055250   (0.003820 0.000000 0.000080))
    (0.056125   (0.003820 0.000000 0.000920))
    (0.056875   (0.003930 0.000000 0.000920))
    (0.057750   (0.003930 0.000000 0.000080))
    (0.058500   (0.004040 0.000000 0.000080))
    (0.059375   (0.004040 0.000000 0.000920))
    (0.060125   (0.004150 0.000000 0.000920))
    (0.061000   (0.004150 0.000000 0.000080))
    (0.061750   (0.004260 0.000000 0.000080))
    (0.062625   (0.004260 0.000000 0.000920))
    (0.063375   (0.004370 0.000000 0.000920))
    (0.064250   (0.004370 0.000000 0.000080))
    (0.065000   (0.004480 0.000000 0.000080))
    (0.065875   (0.004480 0.000000 0.000920))
    (0.066625   (0.004590 0.000000 0.000920))
    (0.067500   (0.004590 0.000000 0.000080))
    (0.068250   (0.004700 0.000000 0.000080))
    (0.069125   (0.004700 0.000000 0.000920))
    (0.069875   (0.004810 0.000000 0.000920))
    (0.070750   (0.004810 0.000000 0.000080))
    (0.071500   (0.004920 0.000000 0.000080))
    (0.072375   (0.004920 0.000000 0.000920))
)
