(
    (0.000000   285.000000)
    (0.000874   285.000000)
    (0.000875   0.000000)
    (0.001624   0.000000)
    (0.001625   285.000000)
    (0.002499   285.000000)
    (0.002500   0.000000)
    (0.003249   0.000000)
    (0.003250   285.000000)
    (0.004124   285.000000)
    (0.004125   0.000000)
    (0.004874   0.000000)
    (0.004875   285.000000)
    (0.005749   285.000000)
    (0.005750   0.000000)
    (0.006499   0.000000)
    (0.006500   285.000000)
    (0.007374   285.000000)
    (0.007375   0.000000)
    (0.008124   0.000000)
    (0.008125   285.000000)
    (0.008999   285.000000)
    (0.009000   0.000000)
    (0.009749   0.000000)
    (0.009750   285.000000)
    (0.010624   285.000000)
    (0.010625   0.000000)
    (0.011374   0.000000)
    (0.011375   285.000000)
    (0.012249   285.000000)
    (0.012250   0.000000)
    (0.012999   0.000000)
    (0.013000   285.000000)
    (0.013874   285.000000)
    (0.013875   0.000000)
    (0.014624   0.000000)
    (0.014625   285.000000)
    (0.015499   285.000000)
    (0.015500   0.000000)
    (0.016249   0.000000)
    (0.016250   285.000000)
    (0.017124   285.000000)
    (0.017125   0.000000)
    (0.017874   0.000000)
    (0.017875   285.000000)
    (0.018749   285.000000)
    (0.018750   0.000000)
    (0.019499   0.000000)
    (0.019500   285.000000)
    (0.020374   285.000000)
    (0.020375   0.000000)
    (0.021124   0.000000)
    (0.021125   285.000000)
    (0.021999   285.000000)
    (0.022000   0.000000)
    (0.022749   0.000000)
    (0.022750   285.000000)
    (0.023624   285.000000)
    (0.023625   0.000000)
    (0.024374   0.000000)
    (0.024375   285.000000)
    (0.025249   285.000000)
    (0.025250   0.000000)
    (0.025999   0.000000)
    (0.026000   285.000000)
    (0.026874   285.000000)
    (0.026875   0.000000)
    (0.027624   0.000000)
    (0.027625   285.000000)
    (0.028499   285.000000)
    (0.028500   0.000000)
    (0.029249   0.000000)
    (0.029250   285.000000)
    (0.030124   285.000000)
    (0.030125   0.000000)
    (0.030874   0.000000)
    (0.030875   285.000000)
    (0.031749   285.000000)
    (0.031750   0.000000)
    (0.032499   0.000000)
    (0.032500   285.000000)
    (0.033374   285.000000)
    (0.033375   0.000000)
    (0.034124   0.000000)
    (0.034125   285.000000)
    (0.034999   285.000000)
    (0.035000   0.000000)
    (0.035749   0.000000)
    (0.035750   285.000000)
    (0.036624   285.000000)
    (0.036625   0.000000)
    (0.037374   0.000000)
    (0.037375   285.000000)
    (0.038249   285.000000)
    (0.038250   0.000000)
    (0.038999   0.000000)
    (0.039000   285.000000)
    (0.039874   285.000000)
    (0.039875   0.000000)
    (0.040624   0.000000)
    (0.040625   285.000000)
    (0.041499   285.000000)
    (0.041500   0.000000)
    (0.042249   0.000000)
    (0.042250   285.000000)
    (0.043124   285.000000)
    (0.043125   0.000000)
    (0.043874   0.000000)
    (0.043875   285.000000)
    (0.044749   285.000000)
    (0.044750   0.000000)
    (0.045499   0.000000)
    (0.045500   285.000000)
    (0.046374   285.000000)
    (0.046375   0.000000)
    (0.047124   0.000000)
    (0.047125   285.000000)
    (0.047999   285.000000)
    (0.048000   0.000000)
    (0.048749   0.000000)
    (0.048750   285.000000)
    (0.049624   285.000000)
    (0.049625   0.000000)
    (0.050374   0.000000)
    (0.050375   285.000000)
    (0.051249   285.000000)
    (0.051250   0.000000)
    (0.051999   0.000000)
    (0.052000   285.000000)
    (0.052874   285.000000)
    (0.052875   0.000000)
    (0.053624   0.000000)
    (0.053625   285.000000)
    (0.054499   285.000000)
    (0.054500   0.000000)
    (0.055249   0.000000)
    (0.055250   285.000000)
    (0.056124   285.000000)
    (0.056125   0.000000)
    (0.056874   0.000000)
    (0.056875   285.000000)
    (0.057749   285.000000)
    (0.057750   0.000000)
    (0.058499   0.000000)
    (0.058500   285.000000)
    (0.059374   285.000000)
    (0.059375   0.000000)
    (0.060124   0.000000)
    (0.060125   285.000000)
    (0.060999   285.000000)
    (0.061000   0.000000)
    (0.061749   0.000000)
    (0.061750   285.000000)
    (0.062624   285.000000)
    (0.062625   0.000000)
    (0.063374   0.000000)
    (0.063375   285.000000)
    (0.064249   285.000000)
    (0.064250   0.000000)
    (0.064999   0.000000)
    (0.065000   285.000000)
    (0.065874   285.000000)
    (0.065875   0.000000)
    (0.066624   0.000000)
    (0.066625   285.000000)
    (0.067499   285.000000)
    (0.067500   0.000000)
    (0.068249   0.000000)
    (0.068250   285.000000)
    (0.069124   285.000000)
    (0.069125   0.000000)
    (0.069874   0.000000)
    (0.069875   285.000000)
    (0.070749   285.000000)
    (0.070750   0.000000)
    (0.071499   0.000000)
    (0.071500   285.000000)
    (0.072374   285.000000)
    (0.072375   0.000000)
    (0.08       0.000000)
)
