(
    (0.000000   (0.000080 0.000000 0.000080))
    (0.005042   (0.000080 0.000000 0.004920))
    (0.005792   (0.000190 0.000000 0.004920))
    (0.010833   (0.000190 0.000000 0.000080))
    (0.011583   (0.000300 0.000000 0.000080))
    (0.016625   (0.000300 0.000000 0.004920))
    (0.017375   (0.000410 0.000000 0.004920))
    (0.022417   (0.000410 0.000000 0.000080))
    (0.023167   (0.000520 0.000000 0.000080))
    (0.028208   (0.000520 0.000000 0.004920))
    (0.028958   (0.000630 0.000000 0.004920))
    (0.034000   (0.000630 0.000000 0.000080))
    (0.034750   (0.000740 0.000000 0.000080))
    (0.039792   (0.000740 0.000000 0.004920))
    (0.040542   (0.000850 0.000000 0.004920))
    (0.045583   (0.000850 0.000000 0.000080))
    (0.046333   (0.000960 0.000000 0.000080))
    (0.051375   (0.000960 0.000000 0.004920))
    (0.052125   (0.001070 0.000000 0.004920))
    (0.057167   (0.001070 0.000000 0.000080))
    (0.057917   (0.001180 0.000000 0.000080))
    (0.062958   (0.001180 0.000000 0.004920))
    (0.063708   (0.001290 0.000000 0.004920))
    (0.068750   (0.001290 0.000000 0.000080))
    (0.069500   (0.001400 0.000000 0.000080))
    (0.074542   (0.001400 0.000000 0.004920))
    (0.075292   (0.001510 0.000000 0.004920))
    (0.080333   (0.001510 0.000000 0.000080))
    (0.081083   (0.001620 0.000000 0.000080))
    (0.086125   (0.001620 0.000000 0.004920))
    (0.086875   (0.001730 0.000000 0.004920))
    (0.091917   (0.001730 0.000000 0.000080))
    (0.092667   (0.001840 0.000000 0.000080))
    (0.097708   (0.001840 0.000000 0.004920))
    (0.098458   (0.001950 0.000000 0.004920))
    (0.103500   (0.001950 0.000000 0.000080))
    (0.104250   (0.002060 0.000000 0.000080))
    (0.109292   (0.002060 0.000000 0.004920))
    (0.110042   (0.002170 0.000000 0.004920))
    (0.115083   (0.002170 0.000000 0.000080))
    (0.115833   (0.002280 0.000000 0.000080))
    (0.120875   (0.002280 0.000000 0.004920))
    (0.121625   (0.002390 0.000000 0.004920))
    (0.126667   (0.002390 0.000000 0.000080))
    (0.127417   (0.002500 0.000000 0.000080))
    (0.132458   (0.002500 0.000000 0.004920))
    (0.133208   (0.002610 0.000000 0.004920))
    (0.138250   (0.002610 0.000000 0.000080))
    (0.139000   (0.002720 0.000000 0.000080))
    (0.144042   (0.002720 0.000000 0.004920))
    (0.144792   (0.002830 0.000000 0.004920))
    (0.149833   (0.002830 0.000000 0.000080))
    (0.150583   (0.002940 0.000000 0.000080))
    (0.155625   (0.002940 0.000000 0.004920))
    (0.156375   (0.003050 0.000000 0.004920))
    (0.161417   (0.003050 0.000000 0.000080))
    (0.162167   (0.003160 0.000000 0.000080))
    (0.167208   (0.003160 0.000000 0.004920))
    (0.167958   (0.003270 0.000000 0.004920))
    (0.173000   (0.003270 0.000000 0.000080))
    (0.173750   (0.003380 0.000000 0.000080))
    (0.178792   (0.003380 0.000000 0.004920))
    (0.179542   (0.003490 0.000000 0.004920))
    (0.184583   (0.003490 0.000000 0.000080))
    (0.185333   (0.003600 0.000000 0.000080))
    (0.190375   (0.003600 0.000000 0.004920))
    (0.191125   (0.003710 0.000000 0.004920))
    (0.196167   (0.003710 0.000000 0.000080))
    (0.196917   (0.003820 0.000000 0.000080))
    (0.201958   (0.003820 0.000000 0.004920))
    (0.202708   (0.003930 0.000000 0.004920))
    (0.207750   (0.003930 0.000000 0.000080))
    (0.208500   (0.004040 0.000000 0.000080))
    (0.213542   (0.004040 0.000000 0.004920))
    (0.214292   (0.004150 0.000000 0.004920))
    (0.219333   (0.004150 0.000000 0.000080))
    (0.220083   (0.004260 0.000000 0.000080))
    (0.225125   (0.004260 0.000000 0.004920))
    (0.225875   (0.004370 0.000000 0.004920))
    (0.230917   (0.004370 0.000000 0.000080))
    (0.231667   (0.004480 0.000000 0.000080))
    (0.236708   (0.004480 0.000000 0.004920))
    (0.237458   (0.004590 0.000000 0.004920))
    (0.242500   (0.004590 0.000000 0.000080))
    (0.243250   (0.004700 0.000000 0.000080))
    (0.248292   (0.004700 0.000000 0.004920))
    (0.249042   (0.004810 0.000000 0.004920))
    (0.254083   (0.004810 0.000000 0.000080))
    (0.254833   (0.004920 0.000000 0.000080))
    (0.259875   (0.004920 0.000000 0.004920))
)
