(
    (0.000000   142.500000)
    (0.005042   142.500000)
    (0.005042   0.000000)
    (0.005792   0.000000)
    (0.005792   142.500000)
    (0.010833   142.500000)
    (0.010833   0.000000)
    (0.011583   0.000000)
    (0.011583   142.500000)
    (0.016625   142.500000)
    (0.016625   0.000000)
    (0.017375   0.000000)
    (0.017375   142.500000)
    (0.022417   142.500000)
    (0.022417   0.000000)
    (0.023167   0.000000)
    (0.023167   142.500000)
    (0.028208   142.500000)
    (0.028208   0.000000)
    (0.028958   0.000000)
    (0.028958   142.500000)
    (0.034000   142.500000)
    (0.034000   0.000000)
    (0.034750   0.000000)
    (0.034750   142.500000)
    (0.039792   142.500000)
    (0.039792   0.000000)
    (0.040542   0.000000)
    (0.040542   142.500000)
    (0.045583   142.500000)
    (0.045583   0.000000)
    (0.046333   0.000000)
    (0.046333   142.500000)
    (0.051375   142.500000)
    (0.051375   0.000000)
    (0.052125   0.000000)
    (0.052125   142.500000)
    (0.057167   142.500000)
    (0.057167   0.000000)
    (0.057917   0.000000)
    (0.057917   142.500000)
    (0.062958   142.500000)
    (0.062958   0.000000)
    (0.063708   0.000000)
    (0.063708   142.500000)
    (0.068750   142.500000)
    (0.068750   0.000000)
    (0.069500   0.000000)
    (0.069500   142.500000)
    (0.074542   142.500000)
    (0.074542   0.000000)
    (0.075292   0.000000)
    (0.075292   142.500000)
    (0.080333   142.500000)
    (0.080333   0.000000)
    (0.081083   0.000000)
    (0.081083   142.500000)
    (0.086125   142.500000)
    (0.086125   0.000000)
    (0.086875   0.000000)
    (0.086875   142.500000)
    (0.091917   142.500000)
    (0.091917   0.000000)
    (0.092667   0.000000)
    (0.092667   142.500000)
    (0.097708   142.500000)
    (0.097708   0.000000)
    (0.098458   0.000000)
    (0.098458   142.500000)
    (0.103500   142.500000)
    (0.103500   0.000000)
    (0.104250   0.000000)
    (0.104250   142.500000)
    (0.109292   142.500000)
    (0.109292   0.000000)
    (0.110042   0.000000)
    (0.110042   142.500000)
    (0.115083   142.500000)
    (0.115083   0.000000)
    (0.115833   0.000000)
    (0.115833   142.500000)
    (0.120875   142.500000)
    (0.120875   0.000000)
    (0.121625   0.000000)
    (0.121625   142.500000)
    (0.126667   142.500000)
    (0.126667   0.000000)
    (0.127417   0.000000)
    (0.127417   142.500000)
    (0.132458   142.500000)
    (0.132458   0.000000)
    (0.133208   0.000000)
    (0.133208   142.500000)
    (0.138250   142.500000)
    (0.138250   0.000000)
    (0.139000   0.000000)
    (0.139000   142.500000)
    (0.144042   142.500000)
    (0.144042   0.000000)
    (0.144792   0.000000)
    (0.144792   142.500000)
    (0.149833   142.500000)
    (0.149833   0.000000)
    (0.150583   0.000000)
    (0.150583   142.500000)
    (0.155625   142.500000)
    (0.155625   0.000000)
    (0.156375   0.000000)
    (0.156375   142.500000)
    (0.161417   142.500000)
    (0.161417   0.000000)
    (0.162167   0.000000)
    (0.162167   142.500000)
    (0.167208   142.500000)
    (0.167208   0.000000)
    (0.167958   0.000000)
    (0.167958   142.500000)
    (0.173000   142.500000)
    (0.173000   0.000000)
    (0.173750   0.000000)
    (0.173750   142.500000)
    (0.178792   142.500000)
    (0.178792   0.000000)
    (0.179542   0.000000)
    (0.179542   142.500000)
    (0.184583   142.500000)
    (0.184583   0.000000)
    (0.185333   0.000000)
    (0.185333   142.500000)
    (0.190375   142.500000)
    (0.190375   0.000000)
    (0.191125   0.000000)
    (0.191125   142.500000)
    (0.196167   142.500000)
    (0.196167   0.000000)
    (0.196917   0.000000)
    (0.196917   142.500000)
    (0.201958   142.500000)
    (0.201958   0.000000)
    (0.202708   0.000000)
    (0.202708   142.500000)
    (0.207750   142.500000)
    (0.207750   0.000000)
    (0.208500   0.000000)
    (0.208500   142.500000)
    (0.213542   142.500000)
    (0.213542   0.000000)
    (0.214292   0.000000)
    (0.214292   142.500000)
    (0.219333   142.500000)
    (0.219333   0.000000)
    (0.220083   0.000000)
    (0.220083   142.500000)
    (0.225125   142.500000)
    (0.225125   0.000000)
    (0.225875   0.000000)
    (0.225875   142.500000)
    (0.230917   142.500000)
    (0.230917   0.000000)
    (0.231667   0.000000)
    (0.231667   142.500000)
    (0.236708   142.500000)
    (0.236708   0.000000)
    (0.237458   0.000000)
    (0.237458   142.500000)
    (0.242500   142.500000)
    (0.242500   0.000000)
    (0.243250   0.000000)
    (0.243250   142.500000)
    (0.248292   142.500000)
    (0.248292   0.000000)
    (0.249042   0.000000)
    (0.249042   142.500000)
    (0.254083   142.500000)
    (0.254083   0.000000)
    (0.254833   0.000000)
    (0.254833   142.500000)
    (0.259875   142.500000)
    (0.259875   0.000000)
)
