(
    (0.000000   285.000000)
    (0.005041   285.000000)
    (0.005042   0.000000)
    (0.005791   0.000000)
    (0.005792   285.000000)
    (0.010832   285.000000)
    (0.010833   0.000000)
    (0.011582   0.000000)
    (0.011583   285.000000)
    (0.016624   285.000000)
    (0.016625   0.000000)
    (0.017374   0.000000)
    (0.017375   285.000000)
    (0.022416   285.000000)
    (0.022417   0.000000)
    (0.023166   0.000000)
    (0.023167   285.000000)
    (0.028207   285.000000)
    (0.028208   0.000000)
    (0.028957   0.000000)
    (0.028958   285.000000)
    (0.033999   285.000000)
    (0.034000   0.000000)
    (0.034749   0.000000)
    (0.034750   285.000000)
    (0.039791   285.000000)
    (0.039792   0.000000)
    (0.040541   0.000000)
    (0.040542   285.000000)
    (0.045582   285.000000)
    (0.045583   0.000000)
    (0.046332   0.000000)
    (0.046333   285.000000)
    (0.051374   285.000000)
    (0.051375   0.000000)
    (0.052124   0.000000)
    (0.052125   285.000000)
    (0.057166   285.000000)
    (0.057167   0.000000)
    (0.057916   0.000000)
    (0.057917   285.000000)
    (0.062957   285.000000)
    (0.062958   0.000000)
    (0.063707   0.000000)
    (0.063708   285.000000)
    (0.068749   285.000000)
    (0.068750   0.000000)
    (0.069499   0.000000)
    (0.069500   285.000000)
    (0.074541   285.000000)
    (0.074542   0.000000)
    (0.075291   0.000000)
    (0.075292   285.000000)
    (0.080332   285.000000)
    (0.080333   0.000000)
    (0.081082   0.000000)
    (0.081083   285.000000)
    (0.086124   285.000000)
    (0.086125   0.000000)
    (0.086874   0.000000)
    (0.086875   285.000000)
    (0.091916   285.000000)
    (0.091917   0.000000)
    (0.092666   0.000000)
    (0.092667   285.000000)
    (0.097707   285.000000)
    (0.097708   0.000000)
    (0.098457   0.000000)
    (0.098458   285.000000)
    (0.103499   285.000000)
    (0.103500   0.000000)
    (0.104249   0.000000)
    (0.104250   285.000000)
    (0.109291   285.000000)
    (0.109292   0.000000)
    (0.110041   0.000000)
    (0.110042   285.000000)
    (0.115082   285.000000)
    (0.115083   0.000000)
    (0.115832   0.000000)
    (0.115833   285.000000)
    (0.120874   285.000000)
    (0.120875   0.000000)
    (0.121624   0.000000)
    (0.121625   285.000000)
    (0.126666   285.000000)
    (0.126667   0.000000)
    (0.127416   0.000000)
    (0.127417   285.000000)
    (0.132457   285.000000)
    (0.132458   0.000000)
    (0.133207   0.000000)
    (0.133208   285.000000)
    (0.138249   285.000000)
    (0.138250   0.000000)
    (0.138999   0.000000)
    (0.139000   285.000000)
    (0.144041   285.000000)
    (0.144042   0.000000)
    (0.144791   0.000000)
    (0.144792   285.000000)
    (0.149832   285.000000)
    (0.149833   0.000000)
    (0.150582   0.000000)
    (0.150583   285.000000)
    (0.155624   285.000000)
    (0.155625   0.000000)
    (0.156374   0.000000)
    (0.156375   285.000000)
    (0.161416   285.000000)
    (0.161417   0.000000)
    (0.162166   0.000000)
    (0.162167   285.000000)
    (0.167207   285.000000)
    (0.167208   0.000000)
    (0.167957   0.000000)
    (0.167958   285.000000)
    (0.172999   285.000000)
    (0.173000   0.000000)
    (0.173749   0.000000)
    (0.173750   285.000000)
    (0.178791   285.000000)
    (0.178792   0.000000)
    (0.179541   0.000000)
    (0.179542   285.000000)
    (0.184582   285.000000)
    (0.184583   0.000000)
    (0.185332   0.000000)
    (0.185333   285.000000)
    (0.190374   285.000000)
    (0.190375   0.000000)
    (0.191124   0.000000)
    (0.191125   285.000000)
    (0.196166   285.000000)
    (0.196167   0.000000)
    (0.196916   0.000000)
    (0.196917   285.000000)
    (0.201957   285.000000)
    (0.201958   0.000000)
    (0.202707   0.000000)
    (0.202708   285.000000)
    (0.207749   285.000000)
    (0.207750   0.000000)
    (0.208499   0.000000)
    (0.208500   285.000000)
    (0.213541   285.000000)
    (0.213542   0.000000)
    (0.214291   0.000000)
    (0.214292   285.000000)
    (0.219332   285.000000)
    (0.219333   0.000000)
    (0.220082   0.000000)
    (0.220083   285.000000)
    (0.225124   285.000000)
    (0.225125   0.000000)
    (0.225874   0.000000)
    (0.225875   285.000000)
    (0.230916   285.000000)
    (0.230917   0.000000)
    (0.231666   0.000000)
    (0.231667   285.000000)
    (0.236707   285.000000)
    (0.236708   0.000000)
    (0.237457   0.000000)
    (0.237458   285.000000)
    (0.242499   285.000000)
    (0.242500   0.000000)
    (0.243249   0.000000)
    (0.243250   285.000000)
    (0.248291   285.000000)
    (0.248292   0.000000)
    (0.249041   0.000000)
    (0.249042   285.000000)
    (0.254082   285.000000)
    (0.254083   0.000000)
    (0.254832   0.000000)
    (0.254833   285.000000)
    (0.259874   285.000000)
    (0.259875   0.000000)
    (0.27       0.000000)
)
