(
    (0.000000   (0.000080 0.000000 0.000080))
    (0.000875   (0.000080 0.000000 0.000920))
    (0.005875   (0.000190 0.000000 0.000920))
    (0.006750   (0.000190 0.000000 0.000080))
    (0.011750   (0.000300 0.000000 0.000080))
    (0.012625   (0.000300 0.000000 0.000920))
    (0.017625   (0.000410 0.000000 0.000920))
    (0.018500   (0.000410 0.000000 0.000080))
    (0.023500   (0.000520 0.000000 0.000080))
    (0.024375   (0.000520 0.000000 0.000920))
    (0.029375   (0.000630 0.000000 0.000920))
    (0.030250   (0.000630 0.000000 0.000080))
    (0.035250   (0.000740 0.000000 0.000080))
    (0.036125   (0.000740 0.000000 0.000920))
    (0.041125   (0.000850 0.000000 0.000920))
    (0.042000   (0.000850 0.000000 0.000080))
    (0.047000   (0.000960 0.000000 0.000080))
    (0.047875   (0.000960 0.000000 0.000920))
    (0.052875   (0.001070 0.000000 0.000920))
    (0.053750   (0.001070 0.000000 0.000080))
    (0.058750   (0.001180 0.000000 0.000080))
    (0.059625   (0.001180 0.000000 0.000920))
    (0.064625   (0.001290 0.000000 0.000920))
    (0.065500   (0.001290 0.000000 0.000080))
    (0.070500   (0.001400 0.000000 0.000080))
    (0.071375   (0.001400 0.000000 0.000920))
    (0.076375   (0.001510 0.000000 0.000920))
    (0.077250   (0.001510 0.000000 0.000080))
    (0.082250   (0.001620 0.000000 0.000080))
    (0.083125   (0.001620 0.000000 0.000920))
    (0.088125   (0.001730 0.000000 0.000920))
    (0.089000   (0.001730 0.000000 0.000080))
    (0.094000   (0.001840 0.000000 0.000080))
    (0.094875   (0.001840 0.000000 0.000920))
    (0.099875   (0.001950 0.000000 0.000920))
    (0.100750   (0.001950 0.000000 0.000080))
    (0.105750   (0.002060 0.000000 0.000080))
    (0.106625   (0.002060 0.000000 0.000920))
    (0.111625   (0.002170 0.000000 0.000920))
    (0.112500   (0.002170 0.000000 0.000080))
    (0.117500   (0.002280 0.000000 0.000080))
    (0.118375   (0.002280 0.000000 0.000920))
    (0.123375   (0.002390 0.000000 0.000920))
    (0.124250   (0.002390 0.000000 0.000080))
    (0.129250   (0.002500 0.000000 0.000080))
    (0.130125   (0.002500 0.000000 0.000920))
    (0.135125   (0.002610 0.000000 0.000920))
    (0.136000   (0.002610 0.000000 0.000080))
    (0.141000   (0.002720 0.000000 0.000080))
    (0.141875   (0.002720 0.000000 0.000920))
    (0.146875   (0.002830 0.000000 0.000920))
    (0.147750   (0.002830 0.000000 0.000080))
    (0.152750   (0.002940 0.000000 0.000080))
    (0.153625   (0.002940 0.000000 0.000920))
    (0.158625   (0.003050 0.000000 0.000920))
    (0.159500   (0.003050 0.000000 0.000080))
    (0.164500   (0.003160 0.000000 0.000080))
    (0.165375   (0.003160 0.000000 0.000920))
    (0.170375   (0.003270 0.000000 0.000920))
    (0.171250   (0.003270 0.000000 0.000080))
    (0.176250   (0.003380 0.000000 0.000080))
    (0.177125   (0.003380 0.000000 0.000920))
    (0.182125   (0.003490 0.000000 0.000920))
    (0.183000   (0.003490 0.000000 0.000080))
    (0.188000   (0.003600 0.000000 0.000080))
    (0.188875   (0.003600 0.000000 0.000920))
    (0.193875   (0.003710 0.000000 0.000920))
    (0.194750   (0.003710 0.000000 0.000080))
    (0.199750   (0.003820 0.000000 0.000080))
    (0.200625   (0.003820 0.000000 0.000920))
    (0.205625   (0.003930 0.000000 0.000920))
    (0.206500   (0.003930 0.000000 0.000080))
    (0.211500   (0.004040 0.000000 0.000080))
    (0.212375   (0.004040 0.000000 0.000920))
    (0.217375   (0.004150 0.000000 0.000920))
    (0.218250   (0.004150 0.000000 0.000080))
    (0.223250   (0.004260 0.000000 0.000080))
    (0.224125   (0.004260 0.000000 0.000920))
    (0.229125   (0.004370 0.000000 0.000920))
    (0.230000   (0.004370 0.000000 0.000080))
    (0.235000   (0.004480 0.000000 0.000080))
    (0.235875   (0.004480 0.000000 0.000920))
    (0.240875   (0.004590 0.000000 0.000920))
    (0.241750   (0.004590 0.000000 0.000080))
    (0.246750   (0.004700 0.000000 0.000080))
    (0.247625   (0.004700 0.000000 0.000920))
    (0.252625   (0.004810 0.000000 0.000920))
    (0.253500   (0.004810 0.000000 0.000080))
    (0.258500   (0.004920 0.000000 0.000080))
    (0.259375   (0.004920 0.000000 0.000920))
    (0.27       (0.004920 0.000000 0.000920))
)
