(
    (0.000000   285.000000)
    (0.000874   285.000000)
    (0.000875   0.000000)
    (0.005874   0.000000)
    (0.005875   285.000000)
    (0.006749   285.000000)
    (0.006750   0.000000)
    (0.011749   0.000000)
    (0.011750   285.000000)
    (0.012624   285.000000)
    (0.012625   0.000000)
    (0.017624   0.000000)
    (0.017625   285.000000)
    (0.018499   285.000000)
    (0.018500   0.000000)
    (0.023499   0.000000)
    (0.023500   285.000000)
    (0.024374   285.000000)
    (0.024375   0.000000)
    (0.029374   0.000000)
    (0.029375   285.000000)
    (0.030249   285.000000)
    (0.030250   0.000000)
    (0.035249   0.000000)
    (0.035250   285.000000)
    (0.036124   285.000000)
    (0.036125   0.000000)
    (0.041124   0.000000)
    (0.041125   285.000000)
    (0.041999   285.000000)
    (0.042000   0.000000)
    (0.046999   0.000000)
    (0.047000   285.000000)
    (0.047874   285.000000)
    (0.047875   0.000000)
    (0.052874   0.000000)
    (0.052875   285.000000)
    (0.053749   285.000000)
    (0.053750   0.000000)
    (0.058749   0.000000)
    (0.058750   285.000000)
    (0.059624   285.000000)
    (0.059625   0.000000)
    (0.064624   0.000000)
    (0.064625   285.000000)
    (0.065499   285.000000)
    (0.065500   0.000000)
    (0.070499   0.000000)
    (0.070500   285.000000)
    (0.071374   285.000000)
    (0.071375   0.000000)
    (0.076374   0.000000)
    (0.076375   285.000000)
    (0.077249   285.000000)
    (0.077250   0.000000)
    (0.082249   0.000000)
    (0.082250   285.000000)
    (0.083124   285.000000)
    (0.083125   0.000000)
    (0.088124   0.000000)
    (0.088125   285.000000)
    (0.088999   285.000000)
    (0.089000   0.000000)
    (0.093999   0.000000)
    (0.094000   285.000000)
    (0.094874   285.000000)
    (0.094875   0.000000)
    (0.099874   0.000000)
    (0.099875   285.000000)
    (0.100749   285.000000)
    (0.100750   0.000000)
    (0.105749   0.000000)
    (0.105750   285.000000)
    (0.106624   285.000000)
    (0.106625   0.000000)
    (0.111624   0.000000)
    (0.111625   285.000000)
    (0.112499   285.000000)
    (0.112500   0.000000)
    (0.117499   0.000000)
    (0.117500   285.000000)
    (0.118374   285.000000)
    (0.118375   0.000000)
    (0.123374   0.000000)
    (0.123375   285.000000)
    (0.124249   285.000000)
    (0.124250   0.000000)
    (0.129249   0.000000)
    (0.129250   285.000000)
    (0.130124   285.000000)
    (0.130125   0.000000)
    (0.135124   0.000000)
    (0.135125   285.000000)
    (0.135999   285.000000)
    (0.136000   0.000000)
    (0.140999   0.000000)
    (0.141000   285.000000)
    (0.141874   285.000000)
    (0.141875   0.000000)
    (0.146874   0.000000)
    (0.146875   285.000000)
    (0.147749   285.000000)
    (0.147750   0.000000)
    (0.152749   0.000000)
    (0.152750   285.000000)
    (0.153624   285.000000)
    (0.153625   0.000000)
    (0.158624   0.000000)
    (0.158625   285.000000)
    (0.159499   285.000000)
    (0.159500   0.000000)
    (0.164499   0.000000)
    (0.164500   285.000000)
    (0.165374   285.000000)
    (0.165375   0.000000)
    (0.170374   0.000000)
    (0.170375   285.000000)
    (0.171249   285.000000)
    (0.171250   0.000000)
    (0.176249   0.000000)
    (0.176250   285.000000)
    (0.177124   285.000000)
    (0.177125   0.000000)
    (0.182124   0.000000)
    (0.182125   285.000000)
    (0.182999   285.000000)
    (0.183000   0.000000)
    (0.187999   0.000000)
    (0.188000   285.000000)
    (0.188874   285.000000)
    (0.188875   0.000000)
    (0.193874   0.000000)
    (0.193875   285.000000)
    (0.194749   285.000000)
    (0.194750   0.000000)
    (0.199749   0.000000)
    (0.199750   285.000000)
    (0.200624   285.000000)
    (0.200625   0.000000)
    (0.205624   0.000000)
    (0.205625   285.000000)
    (0.206499   285.000000)
    (0.206500   0.000000)
    (0.211499   0.000000)
    (0.211500   285.000000)
    (0.212374   285.000000)
    (0.212375   0.000000)
    (0.217374   0.000000)
    (0.217375   285.000000)
    (0.218249   285.000000)
    (0.218250   0.000000)
    (0.223249   0.000000)
    (0.223250   285.000000)
    (0.224124   285.000000)
    (0.224125   0.000000)
    (0.229124   0.000000)
    (0.229125   285.000000)
    (0.229999   285.000000)
    (0.230000   0.000000)
    (0.234999   0.000000)
    (0.235000   285.000000)
    (0.235874   285.000000)
    (0.235875   0.000000)
    (0.240874   0.000000)
    (0.240875   285.000000)
    (0.241749   285.000000)
    (0.241750   0.000000)
    (0.246749   0.000000)
    (0.246750   285.000000)
    (0.247624   285.000000)
    (0.247625   0.000000)
    (0.252624   0.000000)
    (0.252625   285.000000)
    (0.253499   285.000000)
    (0.253500   0.000000)
    (0.258499   0.000000)
    (0.258500   285.000000)
    (0.259374   285.000000)
    (0.259375   0.000000)
    (0.27       0.000000)
)
