(
    (0.000000   (0.000080 0.000000 0.000080))
    (0.005042   (0.000080 0.000000 0.004920))
    (0.010042   (0.000190 0.000000 0.004920))
    (0.015083   (0.000190 0.000000 0.000080))
    (0.020083   (0.000300 0.000000 0.000080))
    (0.025125   (0.000300 0.000000 0.004920))
    (0.030125   (0.000410 0.000000 0.004920))
    (0.035167   (0.000410 0.000000 0.000080))
    (0.040167   (0.000520 0.000000 0.000080))
    (0.045208   (0.000520 0.000000 0.004920))
    (0.050208   (0.000630 0.000000 0.004920))
    (0.055250   (0.000630 0.000000 0.000080))
    (0.060250   (0.000740 0.000000 0.000080))
    (0.065292   (0.000740 0.000000 0.004920))
    (0.070292   (0.000850 0.000000 0.004920))
    (0.075333   (0.000850 0.000000 0.000080))
    (0.080333   (0.000960 0.000000 0.000080))
    (0.085375   (0.000960 0.000000 0.004920))
    (0.090375   (0.001070 0.000000 0.004920))
    (0.095417   (0.001070 0.000000 0.000080))
    (0.100417   (0.001180 0.000000 0.000080))
    (0.105458   (0.001180 0.000000 0.004920))
    (0.110458   (0.001290 0.000000 0.004920))
    (0.115500   (0.001290 0.000000 0.000080))
    (0.120500   (0.001400 0.000000 0.000080))
    (0.125542   (0.001400 0.000000 0.004920))
    (0.130542   (0.001510 0.000000 0.004920))
    (0.135583   (0.001510 0.000000 0.000080))
    (0.140583   (0.001620 0.000000 0.000080))
    (0.145625   (0.001620 0.000000 0.004920))
    (0.150625   (0.001730 0.000000 0.004920))
    (0.155667   (0.001730 0.000000 0.000080))
    (0.160667   (0.001840 0.000000 0.000080))
    (0.165708   (0.001840 0.000000 0.004920))
    (0.170708   (0.001950 0.000000 0.004920))
    (0.175750   (0.001950 0.000000 0.000080))
    (0.180750   (0.002060 0.000000 0.000080))
    (0.185792   (0.002060 0.000000 0.004920))
    (0.190792   (0.002170 0.000000 0.004920))
    (0.195833   (0.002170 0.000000 0.000080))
    (0.200833   (0.002280 0.000000 0.000080))
    (0.205875   (0.002280 0.000000 0.004920))
    (0.210875   (0.002390 0.000000 0.004920))
    (0.215917   (0.002390 0.000000 0.000080))
    (0.220917   (0.002500 0.000000 0.000080))
    (0.225958   (0.002500 0.000000 0.004920))
    (0.230958   (0.002610 0.000000 0.004920))
    (0.236000   (0.002610 0.000000 0.000080))
    (0.241000   (0.002720 0.000000 0.000080))
    (0.246042   (0.002720 0.000000 0.004920))
    (0.251042   (0.002830 0.000000 0.004920))
    (0.256083   (0.002830 0.000000 0.000080))
    (0.261083   (0.002940 0.000000 0.000080))
    (0.266125   (0.002940 0.000000 0.004920))
    (0.271125   (0.003050 0.000000 0.004920))
    (0.276167   (0.003050 0.000000 0.000080))
    (0.281167   (0.003160 0.000000 0.000080))
    (0.286208   (0.003160 0.000000 0.004920))
    (0.291208   (0.003270 0.000000 0.004920))
    (0.296250   (0.003270 0.000000 0.000080))
    (0.301250   (0.003380 0.000000 0.000080))
    (0.306292   (0.003380 0.000000 0.004920))
    (0.311292   (0.003490 0.000000 0.004920))
    (0.316333   (0.003490 0.000000 0.000080))
    (0.321333   (0.003600 0.000000 0.000080))
    (0.326375   (0.003600 0.000000 0.004920))
    (0.331375   (0.003710 0.000000 0.004920))
    (0.336417   (0.003710 0.000000 0.000080))
    (0.341417   (0.003820 0.000000 0.000080))
    (0.346458   (0.003820 0.000000 0.004920))
    (0.351458   (0.003930 0.000000 0.004920))
    (0.356500   (0.003930 0.000000 0.000080))
    (0.361500   (0.004040 0.000000 0.000080))
    (0.366542   (0.004040 0.000000 0.004920))
    (0.371542   (0.004150 0.000000 0.004920))
    (0.376583   (0.004150 0.000000 0.000080))
    (0.381583   (0.004260 0.000000 0.000080))
    (0.386625   (0.004260 0.000000 0.004920))
    (0.391625   (0.004370 0.000000 0.004920))
    (0.396667   (0.004370 0.000000 0.000080))
    (0.401667   (0.004480 0.000000 0.000080))
    (0.406708   (0.004480 0.000000 0.004920))
    (0.411708   (0.004590 0.000000 0.004920))
    (0.416750   (0.004590 0.000000 0.000080))
    (0.421750   (0.004700 0.000000 0.000080))
    (0.426792   (0.004700 0.000000 0.004920))
    (0.431792   (0.004810 0.000000 0.004920))
    (0.436833   (0.004810 0.000000 0.000080))
    (0.441833   (0.004920 0.000000 0.000080))
    (0.446875   (0.004920 0.000000 0.004920))
    (0.46       (0.004920 0.000000 0.004920))
)
