(
    (0.000000   285.000000)
    (0.005041   285.000000)
    (0.005042   0.000000)
    (0.010041   0.000000)
    (0.010042   285.000000)
    (0.015082   285.000000)
    (0.015083   0.000000)
    (0.020082   0.000000)
    (0.020083   285.000000)
    (0.025124   285.000000)
    (0.025125   0.000000)
    (0.030124   0.000000)
    (0.030125   285.000000)
    (0.035166   285.000000)
    (0.035167   0.000000)
    (0.040166   0.000000)
    (0.040167   285.000000)
    (0.045207   285.000000)
    (0.045208   0.000000)
    (0.050207   0.000000)
    (0.050208   285.000000)
    (0.055249   285.000000)
    (0.055250   0.000000)
    (0.060249   0.000000)
    (0.060250   285.000000)
    (0.065291   285.000000)
    (0.065292   0.000000)
    (0.070291   0.000000)
    (0.070292   285.000000)
    (0.075332   285.000000)
    (0.075333   0.000000)
    (0.080332   0.000000)
    (0.080333   285.000000)
    (0.085374   285.000000)
    (0.085375   0.000000)
    (0.090374   0.000000)
    (0.090375   285.000000)
    (0.095416   285.000000)
    (0.095417   0.000000)
    (0.100416   0.000000)
    (0.100417   285.000000)
    (0.105457   285.000000)
    (0.105458   0.000000)
    (0.110457   0.000000)
    (0.110458   285.000000)
    (0.115499   285.000000)
    (0.115500   0.000000)
    (0.120499   0.000000)
    (0.120500   285.000000)
    (0.125541   285.000000)
    (0.125542   0.000000)
    (0.130541   0.000000)
    (0.130542   285.000000)
    (0.135582   285.000000)
    (0.135583   0.000000)
    (0.140582   0.000000)
    (0.140583   285.000000)
    (0.145624   285.000000)
    (0.145625   0.000000)
    (0.150624   0.000000)
    (0.150625   285.000000)
    (0.155666   285.000000)
    (0.155667   0.000000)
    (0.160666   0.000000)
    (0.160667   285.000000)
    (0.165707   285.000000)
    (0.165708   0.000000)
    (0.170707   0.000000)
    (0.170708   285.000000)
    (0.175749   285.000000)
    (0.175750   0.000000)
    (0.180749   0.000000)
    (0.180750   285.000000)
    (0.185791   285.000000)
    (0.185792   0.000000)
    (0.190791   0.000000)
    (0.190792   285.000000)
    (0.195832   285.000000)
    (0.195833   0.000000)
    (0.200832   0.000000)
    (0.200833   285.000000)
    (0.205874   285.000000)
    (0.205875   0.000000)
    (0.210874   0.000000)
    (0.210875   285.000000)
    (0.215916   285.000000)
    (0.215917   0.000000)
    (0.220916   0.000000)
    (0.220917   285.000000)
    (0.225957   285.000000)
    (0.225958   0.000000)
    (0.230957   0.000000)
    (0.230958   285.000000)
    (0.235999   285.000000)
    (0.236000   0.000000)
    (0.240999   0.000000)
    (0.241000   285.000000)
    (0.246041   285.000000)
    (0.246042   0.000000)
    (0.251041   0.000000)
    (0.251042   285.000000)
    (0.256082   285.000000)
    (0.256083   0.000000)
    (0.261082   0.000000)
    (0.261083   285.000000)
    (0.266124   285.000000)
    (0.266125   0.000000)
    (0.271124   0.000000)
    (0.271125   285.000000)
    (0.276166   285.000000)
    (0.276167   0.000000)
    (0.281166   0.000000)
    (0.281167   285.000000)
    (0.286207   285.000000)
    (0.286208   0.000000)
    (0.291207   0.000000)
    (0.291208   285.000000)
    (0.296249   285.000000)
    (0.296250   0.000000)
    (0.301249   0.000000)
    (0.301250   285.000000)
    (0.306291   285.000000)
    (0.306292   0.000000)
    (0.311291   0.000000)
    (0.311292   285.000000)
    (0.316332   285.000000)
    (0.316333   0.000000)
    (0.321332   0.000000)
    (0.321333   285.000000)
    (0.326374   285.000000)
    (0.326375   0.000000)
    (0.331374   0.000000)
    (0.331375   285.000000)
    (0.336416   285.000000)
    (0.336417   0.000000)
    (0.341416   0.000000)
    (0.341417   285.000000)
    (0.346457   285.000000)
    (0.346458   0.000000)
    (0.351457   0.000000)
    (0.351458   285.000000)
    (0.356499   285.000000)
    (0.356500   0.000000)
    (0.361499   0.000000)
    (0.361500   285.000000)
    (0.366541   285.000000)
    (0.366542   0.000000)
    (0.371541   0.000000)
    (0.371542   285.000000)
    (0.376582   285.000000)
    (0.376583   0.000000)
    (0.381582   0.000000)
    (0.381583   285.000000)
    (0.386624   285.000000)
    (0.386625   0.000000)
    (0.391624   0.000000)
    (0.391625   285.000000)
    (0.396666   285.000000)
    (0.396667   0.000000)
    (0.401666   0.000000)
    (0.401667   285.000000)
    (0.406707   285.000000)
    (0.406708   0.000000)
    (0.411707   0.000000)
    (0.411708   285.000000)
    (0.416749   285.000000)
    (0.416750   0.000000)
    (0.421749   0.000000)
    (0.421750   285.000000)
    (0.426791   285.000000)
    (0.426792   0.000000)
    (0.431791   0.000000)
    (0.431792   285.000000)
    (0.436832   285.000000)
    (0.436833   0.000000)
    (0.441832   0.000000)
    (0.441833   285.000000)
    (0.446874   285.000000)
    (0.446875   0.000000)
    (0.46       0.000000)
)
